
Iterate 	 10000000000	          3	          0	 10000000000	 10000000000	 10000000000	 10000000000


Iterate 	 10000000000	          3	          0	          1	 10000000000	 10000000000	 10000000000


Iterate 	 10000000000	          3	          0	          1	 10000000000	          1	 10000000000


Iterate 	 10000000000	          3	          0	          1	 10000000000	          1	          3

---------------------------------------------------------------------------------------------------------------------------------------

Visited: 	          0	          0	          1	          0	          0	          0	          0

---------------------------------------------------------------------------------------------------------------------------------------
---------------------------------------------------------------------------------------------------------------------------------------

Visited: 	          0	          0	          1	          1	          0	          0	          0

---------------------------------------------------------------------------------------------------------------------------------------

Iterate 	 10000000000	          3	          0	          1	 10000000000	          1	          2

---------------------------------------------------------------------------------------------------------------------------------------

Visited: 	          0	          0	          1	          1	          0	          1	          0

---------------------------------------------------------------------------------------------------------------------------------------

Iterate 	          3	          3	          0	          1	 10000000000	          1	          2

---------------------------------------------------------------------------------------------------------------------------------------

Visited: 	          0	          0	          1	          1	          0	          1	          1

---------------------------------------------------------------------------------------------------------------------------------------
---------------------------------------------------------------------------------------------------------------------------------------

Visited: 	          1	          0	          1	          1	          0	          1	          1

---------------------------------------------------------------------------------------------------------------------------------------



El numero de paquetes enviados es         6